43821174601371387204401659058867189703709409195736225412536236135646433162975345340494105535255732137964199351914420044350774420197464678658211221167947283838051774993348178806716137516003259482366979775592168340735486075596617873640847498774183618764883619846546008794534258239527370814554640856821297284332
77649450652293616018458248774241026512519899736004846326146084092534791419237288365020002385327853637318173578253033617711639903176350702187404108842217716926103105206881447804632877990051517991585430618193340315140347930502565432138748802937939406438752726488678425620960604220201173966593121964730735192427
26547813933971913326130014231314875674211265339353277191991562532065884936530304318924810928734732934570882736686097692051113833264543230648122323083224166583287636616889578737712186719204506381585875231227022630796157652128924360488211626085147449487385295843025479984731296026233345926502898494973460124061
50128387317465128942318335295061667989736425868295975928653193672035869359143790821666248140968933881613069866877855790634968421182703226751473546706397671660962803379925634554469339240782048123768594533996199927497791589146254204341240126898607661365728566959280788241567777714838266139021672382816371301980
8996116188607683046255307022705099745568274946892025982893241839357311709019285558203960061231497183862266084924010310297421065441060739674722566345531225051001891017835145634774801730267569607641757431400712748473274469345501653684614834215365279524299429284266897759502141182437378576761693805731813612778
77164026285602490801187187689118329632008638011918075916028561693411673478831313916942365717208759132392795579029442264800553826818237181638942173252143008134536467205621873042760396267248081826092501947106781318161229252455917357382857463952816719843910866103807983062558034531607361744144935899631213436512
68283409047125642121202114978086914667754350077730627868096827477104436170656276375946308312155312809157585515678890312565534102521165886289131585962186137314003053464927233461068692933853011469574855747092081345050050181387315151049780678939431553424601185994738421992312524316928987665983368840684827117311
15211619865180482363608901968784862936087865490071861729616170016673734650329256020972453713063446251907869636974626527611847266469773054700881678039942060604605312410185128201898344423132008714703628500351236139317816197842161868138884535872107964644563173374078488947271666664056102483259235064042937082135
76607449883069754185559220533188658394236401185088806164049284760561215575260714187853287539674064586420921214837422101711167135773576072614411515762065055514448745511327415471053908410995403445883288870473392424392658820292848272625013058190317723052368432359352810017694410285361324797595177420332773611521
18675070957137464830016536076662330005100922728451683800463940642290627918279619163530619172561657762417072227212729703257819751887992033362751736705361634260869736380406415310829377296139871798900164749894131275410255533568738326018877619584497318444836590222507594213076342705771092225107513861203298683720
22560466827522099148966136564042420894563851185092937033047597320133860406056028156957608546644579059498924390807319546071974656127453157922185409700894879634985162896922923730758912888337379689774965728836561887332555538083795193379673235092494389953722139888002653346881746527685885694789958807879609592371
41765198915001466901042690361760345349947640783249279255207731097877631160363240851268079948619165000315109350906533249644237616499884025894962221097903119427381663935556659251007690819751268655109135544119311147801008618141322550424655340021864723410651735419823380590882281287019108971979595632485496501076
40899994986133590091264975046367434337496906605336441085873153302860092765397201865738014657160567780595198071966835070893165409135601392372252188289261031704411629398770631523676201552709172616135092590183557956970704432214530093858775178716234555038052906265855300962095259371609150826671833017044042975646
17073946197349320522628765961617299488735041087030198522498215539779393675141267725267059207912864458125034856379815008478239009030271876735072376542178877654597230522372796314729760269392540016947116204865476111194078578403662127389925614166801768347350520628166279426991499336069389353550793161261401157842
63495046253516434831231471310625874946732948144366312346475474686010046558079205238936330118356132341737069168038884778068484994917195543176964639058072455068150461954686888115617932941394839134615580484245675878212928805573762639958786990572381959310441405359016585259810630425669351684606652332098291115946
13144200013079644698290629326806691086557785725136301056384357491840967604042981114651242524209976223697365798606850166840214632046873943601853924553131806950333836648856603727455710945829369858884420733134647748042627777883399820059661317161877257150259418525744691147832944839303752124012551140505357365669
9382990180354755327615758293939635222550754897674739647069289828480382580191584148966590741617468547496208845574035340174699801079972179324345766540666193208175761362930671642004666240494236518331561856464700427170976810095963896024205687490997633994208511447419134112008623246470982195777103350739866085066
70682759723738075600128490750837207066296972867685438427175603496746233469092470001774516846265906201858502033638554372192026264695673684615977318908845797160265866037136202742418800602852777453382054975518991009646446217796620232189960782037767204720584255808632644153726662896828572154283823937485712211314
92998066029614278621945261319321694792950955989938996709464332293319060050916630665665323617913835692096797681019554702653651710824891385595480883521172918748391855557159665102306857078629814207156316955677097811475281347810192277587575983673458705365442609574747307018149700933961091255011345158072279747730
35155185420148035665979434110874899367441772501230584649521747075077969581688329313346332744185804054035977007506683915756571656798558826811882631166485567329342444864637544323312764324206640281159105087785239889994121130030087581005791877206692249997736268663866045352941183141212316449240785996640943785473
77456314619465432371019906609173358823641580914356695266333677217598010866042570914069429801488609906190605927307924416331078267472338558627680726076701865012126957282343813843791011257783169345933863060947136090860659622338387138633397563508834046838600948457529340763357321418541400092351545779217795558557
66800802985241435091985799915009161979132071947471575217063605350632149488733407477154329177084780260459008493234548426755106718642089015832229647953797136046269737299316892939268568565478190973842652205026512633780240178678943842985480442898926733125090699103113911565224235253677407998209114562672552290179
22603996073308285673996388962972339772009480273117977961303321178071447072710712516745071072893265395313126777128008425437757283873082470626386649562615213242278351782248774721627631937394041930678061327077013039893662610770521101258671694264971517454484702840350985507968584621111101951397326775391659215161
75348756628638450813799818323858080340857750614507542229401232243103134168426885187870501327764975720504377258182750716198384581813698920810554611538952342881682655177988629318463073495163596330992035823516628999676358595008837588595675123508065920486580473225788941905409277911813792706370446090851501269597
32574389319593649635231683025307222203504767064044276180924481951429748974973919751721631997147741217019912038841229191716086430111374547547357254178279003260294978605160587266807004467824184480704912848722612007915652303453048881335686459584946373422083196020838558103305406989919828517042252939997927177104
29414673672970747293472771491424511977254045239647912757456920075749679560617434123049006715776995361946536258309383365766173586766269476667312131964695488420815807010307278593401514278778089606864785599172551534741997690297906861339897114161977688008982385539246210854816155920923596720487083244849193916617
1749231106367093263656135261775383840669636238833519228831588614562386571861422576131118880966764417153903473728489449444910645933089727539019618135079876058606380028761476874054433540211777152486565977518445840231428824969844428828357009683207627101883756747287135374239458925795658514777718124200774975403
75327805138153170151000379586682801648129433928662130882235469517777710444372793526349186051119876536245430385304938178842209661662327893727434038723574548411644102620718508327134513522873193167991591287794931176236629694297903741813607817408897542639956143195887724903688571946383391714096194579485785637566
89650626101612553507907988790890485234940394746090125513552304496189047439810079823849295765267857604858823289004625987861000113998307141160664743757651857129349448865232130360858037199214269763809867396149427764662937769689703230638519608670271308426391340439166183169542251409534198317330167995838110110249
28261316288851753082541278429930585039463483092301108406855224863550246910203813845281760832059789867360211234870840395212175945691946248412982186826885235383932456393359095954008594936605998559514098554407018083997533627841234578203326603638720911346749104236764247051194376052768929515206823063151863328552
5310415574914244215548545140761829781304178878179473203182545754133357894756908497170390181559551275218098863356893933594680531033888068457747432863962519977373297474910239294452342629424154722461069599035360096244418748459223706456854609412588407747169805477330950191812319738767663996810495955295117246368
25714273156072479575558534857419546669257669962708660951194239069860964981598959088597076100022778003202262815288946958230332145387188006155137062799704710061098108835890711805366767844747009543482529081638051493500022902035672098443726980095128147942789817250101707912769029678880852937156572314684005407928
84422301159428420397594284518745499699434627571393764851657734101326054060913459552220661698520209054396099193732594516219414289507737900880582707714397011479947300577250122984115320023614072114388109390340527338013178082856398350535617807228978637140879831520691971328716162214937639568853361786050726978369
50084594454487301148065119856740940229336368607032682151753746229315888118756530208183559059644059089087735581170987898663784751160564262614176636060208517842336146410576122877327625433405046433950280760398754073687088748788224268908855419505408170298928169606143948412213244248543272791809404986919653784622
3187139073954084354952661097748413895364583177541971667745729364804854905835030580668481844864342987183259481634699682299882613633806723460633709067497341423337909360617586875106697989343117555335968667052741526065511007007805364798939105818377556085901217409182430428585234910033276636989471587356169898299
75075372807650964802278004791650229525039835402942395790159171718788904607034322302741646694851135637856352319578348337246517490399343842520784468417765675364680840152509419416842995642606207146197754970243448429593914706221794272276441958999709840063046502704604890513660841601639346085786976750864474829905
56000017704226762526408566648519385627565655623985517416465885105248632344797244385374663333673790314555987475567193941005216876238583062400982335698615962189832500628394024247348561263017953802152647731995973009329523467817429896996244087811902710698911202439640717378011269387088927072222883839079263050360
44455861259302488763731783187155445683419439533480572529732438121070572128105412642024953536717443142238937647256291408897581160342964290832007025521092081626811984667288056206392957163976101472491786068664295262129494457040143199484670692590850331648787857440129037683595545952509421701078879719068688065582
13644283167982455358635126104723014551441229576327051713974186329775141677109165285443676160206650587276148467491336574664193148432630647348934182240405380262789084943843761145621705503893455639029722574000881838484994197648584252001650504817652170728356134936437816910385221130374285534671037133623861674621
13160393734426810406371810808784177912608273625900161311164009163911314554074062139261134684059257907112542528532413425991951423082929499495805101327467409548118647353584525742805269929513180141679711705296482749150572160294725262474529334055048359111333803826688902703290633809827083201872447949913505661803
44496002760751482709948910962363524924460145001960913171891682502923688315693307284025889071879496185928343199049372820280595022632566750799379033372391205815174108233394287119571794271663191731881661572228174862481085237763440750294137283829471681955124286627221287676180141762473904159578506028317857114271
1229912458696441302563302424276037997745700641249301046814051690926828894815603684688487496723155605977364493720085971075526538124048476464367306793487295882126541367324571091683723990386729666760886221460400915524681212926097697110212336244649726176117088737781699414339264040419972105088374557717373247444
33564442539817619706665603831903015818190884522244787956501515847864399263409237579539278215444088495717878868797063685314786583095348470673214231013221024346498001641504867378434115025846157899528575808604890684464401124038623150951169763229910911553429610217628957108377168229153779991288576469882500878630
86511659812731262316669338381843776534309336533030669943563183097157927512687171922871565647053151812339693946942682499027673634692918402960636811997379706306469255371078315846817884123261519332321774582172201578291190493914566556456949853879884588499449887307740860831269654884469736602523927413590609719479
67557341321866967681581739030940429588190444823252164488770185139663948577223185257296178118360742325674104734683622569487032381916121955393894071322599980560216276780517492298415705299677362462017823266230373455010677523512091763151837321020447862162860053332973259764554291577387522204865851442849157392851
90522047693205903194821739496619378550705300054622305228096049463204821434047630577855827036309225702404099236396885182491884463536800890012824523651978507097057022392737129560897957544853229558878455402004529819904443770406309423305812664637051740293941129966780597468123442842758332969698467916192153187121
10552370142425732308364342913910526382388674618135040846704469910927449805671802069213601696155394956235088302698434345316892060237330589024179358842122035507226989507650949885110518899106753532282084441184977423706491192872096849822442991663775773245628569853585124252607957893328665797649694560787535965825
45669030202674463269911834680255876248142451433322925488832613227072650803208321192882187547352548638948703323692616585234538278487471767049670679766427606501993929731688437403628070067096738921313947307778510075818737023677753296522253331743673537325245344985435154476536968218685622753977347003436078580785
57332295867063918440517212399920607462310490791147775132553673394512762344521409902234055562410742127071812924476016801171489367076774749279016437478389448401040592028000629701928405497861907741306265175931921612322702324932302194656809403861654554748104636090900362466272006135757890874408394924744732796039
42292063968540477184174283595936876517896195113809730585475477786045431210622449759116085387319207366472954752272161416017447764820187823059007725108984721257267804893056853623714821772266743170681290964128977876442455566316589815333738048357277307557068115345659343937904276492463415746018273134545826315371
15807382398762459120323562198124003088694419219542405973976283956116779243735754874951706083321159341957583378395895643816765686204287850345093665686438799331044724071405171627362449978710005215273284097323173827114386880156628923155167669202473075038538454942977538400012168201133871821210895391713927305898
87485065901337418835470207324188689176942475140588144247999760213449071698944688638454368379249785034534663010976658838713833582769245687181600754931880523225431026515879600335572073818627461639117807180131575616001834892003333967974078661456272986177179403497053697844270054619607193227234525134743079037503
13003464609729607555967156684579928840440873772360045786288505377049067916995050669214586740705560213214031640248976121364284069639694272180727196466955113554845702184428768984540740841414896889147018505145699621411588765235088809055231500187379068745501899398943179205265271756791562726750446932455788268103
12769893300514043279357368081183761855246443988272965326071471179706144330328141601525079186879275484531422761334287454014001265056342869233864879530454001654812661523549585071051561148103027655080165084776193536274142346382367123420864867735926955672173977808181542011934795663365163316663288026227900238859
37168310725111496089304801412758416929187404202722728047978448766180724970589277077131936983601052184772945335746012337116355953041229824495177709722888285332320478878147016476546572425855240736761370331566772596845088557523133934779512042267230656345276710781964771543611939282340034226848177883823989005028
43251018236206418085507080423097277969306238470146906667659889307761400526265226314230357229896230195161053099694472982875583374348715865240680639633002577091803379456244234916621213971211222450334383725342813624813045506457806849812330894911323428647767815550485292630638047815487891686002389288560258475907
83424486754981075876935120261051549008299321648209369094342519001883751556131550802248416148339972983198895617348134699154468657904368898179633950337033648912919528787436411644136372160408101599101817872551866324416108873343046429154493661148990110240176190954858486218472121739908610519070497869310541554241
61748336365695547302536902159733377294319600704774066142667095939564969224741104353200257134893916901244414385696330163137061678538602753256967896224697141870264532995610989349430688967690993894516718591322780128378376102932344438816632934443090809232905117275356369395214361623507967320107229152739334749656
50743022810655118761337006656225671578902715754900854711846296126764366588224405509842410707929483031176525689382622885398465116719213784312679228981780913996739217718447118553253418018021093461691683770980251613428172048822793723267714265251044436665313620225145460405855876722723596606754417496722860479520
76769818165243328588126656696918032237380934052960195769794112893753693289864389357731620484595470016720290552533602892040861689374812606565929795176446554676256099040691651798813881338949170807875450396277810328139848355508370779926523809206828086035745552180178614378689090023711633487363650837166169819236
22572095433545621083423859801711716147709845467285000736919773417192945682174246603731335316494843834703216580294119434878776925938445386452754048008318459055638735896232126762372388010321639905169407447705590014529635077189169745917747173054003166922420096096047298004359235530880847011587161271724139755979
84077015426055821427155288351759711189552172667379042952085324661102218315050410298685501269288722565718616479117573719931419524081977777033627040117732649651707695604898036401217653998171212671327612894236218819297448213120900927806653378824259305145002337441176372516163985332462109076391900309713106010200
26160245701126476393702218070818369405871195871857900393038716654428447504436054693625498662373130320684211978662525558299641856080094105530340566920132555139227155789427697005462840770617197270887925572293628688674304934887193218702167633893471882751916849605200021378926072367309820873105431147319228616352
65968498200126167808560356692666716187510369383845581012098546306512538372654491048366940664912060251152520073602917731133181477042980309323627786565234627413722220575303241010467132849792142138410508999134754556690336958452115245534935580642350315008701116606023960507663078105440447258475735949211348688487
64767527416104745798823872561642558341175196093319048983767695016123174749524129241600304184770020404485600871372167223892311575484603495535983141266235352641610081730666486418513852872089784614516509780638933101134617674432577982049452011232795547832682271360353460863670881805462730832711877936170360879430
75800211492507832179377744858073059310635411912726378371385343389007949394972980864037029144099240555154428056241860634299108295443656858341866903812964145931231845217144610439315009015788233354989342321967917499765734024513605399530907688195757890623434130485793641014976412917842961521942058732832673299107
32608069414733318849229505304868391262665279815870086661167777653692436500366785442905831481359999943948322755081968972586393854439087887526214842729555926755530811968914315812410431397204026231700780062377831633635583274824626336567872626283789777899880564621006965694144639081918601201511832980921906856469
86459655167898576425734588806608933186445509610633237263138808802938649469663377301562097059394097544918824620546653891641830976427753307274508135142502533605889798961621097899950762858172216188505344160917456091635061151843420593854196666670788144745256162201028646216005799600173526456619409814209848618265
47497429222680190972296101608056663974003591493379388144988022527279374006843655966164454687345680975902744311771183822045676274054512422656595851965306321683885411147926184670427397096606150510124963404192563886260309249290140222788194306110207950479593178606808037092436511034268778809239481296495781239726
58670486329627873616577998262393817304231020285231644128364063401577346329054037760536133340484496596713108594916567712830256261518169138691295704829867376055018864084246538773614182157387145873881816996446870517773124150862652564038203539644251878182057989385604102007027636934247578459594954841151654976938
64722799464565139086545981905842290744756822409353138827142744681202163025677157508868120898333938027784242794773936514777271914786830984139530575108991081256815366963322142746183555116498775961421942467698142555114226221176610130270493923424921666317827761506946985159223163756012166182638447402889574270691
10705360012052414999662114618565142437978816355068888003424752115483141696049674471002988005777095283877500828150805737209583321612785306038966654439800207431025547456965904275719892318159709113103605830679175727840030205587174483216164188990969678211130235436222027304435399523755752557040620188686196691037
64334471938709081105430848127888190184558835249248660019884151339690920288806608819892192478860324886538322770699737964052588478794478954351807978888991975660008279791337441128299263544375940529319357561110255678460377787438098763082022498872668426627078110802486821838558195574591052335327398625698962745563
18594839949188097237930189693796702660158473427424711233260998725305755264706732422085390134378445617428115393697317655537423574614978045391874115960718449857285013940531362913985687458548201106943692378820167627319684570686434444675735007408708775975566366908440284745267002263685574705633151132089486684503
11115909159209761047845196731830904623413921729828609066555797893635484987939750651161672582077490846360957338840033386576835947349662239497336124488043572965066193579152214120268957409015380014561962887333984519343924920765303940478275625048320455075999258238493045512997938269918245959956635203678373127455
47512289355155934637782156550766302969777452198561802463904372439578330907588633006567633907422554864236220240067678339398670367528476765101787579598630890887407511298785674633776626257531086826809897765824701732209088656150891746533936381586720619654571331341599588688437643872066584509015786615512241495324
674752900879344918174236896081631234620977999512487678995868737662892183680366943412017364042498774724226243666510428069270641673212515636833085233826330676784783862180439356459476642349308516206247045615280590272150721454394781743195271603975660901437582705784749167989435149817890976553544428103045545604
29380808931384073094486272778316776225259969357498830631650965290513385795367211597184649156090259703566791022065561367190134485308330510910598675233850396654372696029712794179802623488550336399528246884983738657249357786281698827255417641024699759958086860755624829884751210835098839897281122837549317111159
20897927048266678258576508827273009096099220608893237638736122377923026283852854347449590853221528334420773554831744289544364168581567978495429408247381886175225567690497625462297212948102106696166650517235893813554196478809385960644807393370619650884985235895465989435098288986985339230713652630835839524671
38320765083587527583323628437752314834904561381366861998728271325594041537604803958269431267182702571214891675620638341626375631064348844980697998995007994639999219914462205527409741194780723672972936065042107365569115517549123294170863176917054398804185054907438427352986118331427137806275237612099427632994
19785455106827750524353122661741548587732687876117670788359672889359596201900854650746470412443522424634152515308781433272716973852660274324477137589181499538137727889422149666851985153040101254246988487648548441478004561337081006042711944758910349803731737594473941467000721127155799556242263848127942634677
25958093501301213782956373676038822613702631847298620475018082303023389851333012181809428293974789510826636088543727349523507891761096208945153821723170330685778796978459027560179252907034377845684981187159986392751677255837372284511135310551782917573220867590893921853661828957661781196047170780314532149004
80838807276018140422854020382768098257149185578352991411305561637736550916931795748023247137622472085860397411612573485163909962767578096242851814378818633110261451631199192781720344413210205762769996023778854438282380320203975355804593579402461316394331288977502083887934263403289890001650748907898335440684
21444233045467550750398918955973963034965066225751581446413585542445071879439714665844924547132228642505641026251605509607235030297168304075309941194293057018606649188326443634341273434451490137199209766337636122181819365113534015268699382480780484814038568350859182230683646332029148540408775055851465328371
30813608578842471136027499897044184240314753472571800458107370363295718432924193088439283888789105062043279860038882742046709907106386021393711154043373043082218025343609684198671799221054477314174478495801261033157040241945915443865517356681377446688752097932257700284829546228575266273578543199989769887792
30911918265537606643611037423258063865760936839936076749264108148065079313253134344315792604446672730973093539766934474485523270093324001912800903092977818554340141298311236196101429040701254417790343861712199666695377005611685198213241635452174308351661697876815652927821712372979986688555902242445153092535
11997943850773358608513440724848825163358972196414354169932634899658509648501823213957765513459566258339558961023559573762597487116594435465127870451927444983881309202782684505258214085076670689148472203488071928296734456467924666629027876295568875377308486746140743964264708474750016264205046324801600586776
55934812555120130843851725112887326539121226935891836462367302935245645211316228115082885330935251136447253490894695346461409235724798903468847895870366687030583965883980106854645328523131530676324330250910969589035524268842170573508373374470618491507086653733977564413790366451868881067023607129847123510579
50998722102715210348271337566563734221485568571673201047044980273110828047536720424486203378143741085988076284326493474215652828354170959325798994732176946382363367329929798570340437741297088434440897796808157032129103782013075423518249550477268360740759610591464437528225732467313381418704495712600166111200
88114920983260487624736851268869673653606109075754803434672826292407615224463680824003799790065042325754459294821178156342035441640943225112834606457093000762015687514939323600387131361365019863315034857742844275698407110093600109897681606322263719968991637496584955359837586272129156945233912234858867051766
7452897595039841797227571285237730327779775187151903671055340471733604483172500135442426017397357064417004272155167012559016041697258650533402696143739206300029479161587331658075453821707526320538714531245382813526992057693686274143020316008072393395296847394351403871750841459647302592030363574299313866063
44617243464773985986766286285963275505606483302730333693182410882234375433419367484257799223023327247252877596022018883598907582412405762930910815963611097613400901017037755387975588326332134622365562203336047455634178784896546744404145982177567266831052329351483397875382109372682754397120860618374087618112
68860538978936850570882533154317995929578762038794863138771839167185987535681486210610895706899937048814851105884581638496560185699495951938284575530058244526024353069316102464082405044649565318483527626236848651308896624099289431822295879441739119340631539583432768746269795173160234629552695895139647086597
50240840010965690350503512460284885771541046361781301033808816572916250748960929434602153488589224300066648984712401352720999940451329971857878457760531755917303680850027204606561007067441038354596903144070604707947505087039621645688374794466288415543596053047775307318418970209813039696036236857086529398466
80878152332291490409170528117382996920622498247379685493824425018302350591644728872298287597071415308651554352883662576151224825891572507418912987687272613697916599447816997005163796754258722139542717371490047858162870230425576941836018153385327049743805256227410947456518331925385438571676895432301708215798
2188793434031291800139492321763791999595376977598749537115118044533435266806859883697769172408193848994075318642629920206252262043455125518301005151984464247717183777279613627656665158630938991269312842626110151807666708057224524329718816707629853663292361313057732724606819252804299170221935142666388559035
48757577794023261490244895909746812132404178489323920694010684539210971394917255100223229440063949715130714949472456793036208994538583757189847542491064306478451061438859552432681770543041656866949145838734541411604346588428741263168380628964414299053731140846625675133172526392690982597467492769373509667349
16851322714993079880545228639299301724680371941928795742809217899280605998095580328525175440086451451467722560679274806502263599280297314310238929607887874032801665505259054336610507716375558554585103539438687116937224071176189206520901739616427756215845757126111351909926582070877101831009761684115708848310
24689880502922259083718764358218365231355874791048378590064267632479055787529786489693594286868155649979458245479399178337554855403301644879304821262415117251837827165210015271066864122820883926765166984742859325633295875172082575404128613775765730346595331495878163402841242979367532780758295312029101430946
56232346808984856744452387155981611327975232698355040491345808291107058801476376188985107880067291413184293518257397736916793928616674456716148293329658160918044432962057671514106557814453378974086348664530574106322324360645967918508604474562153361500691756751494491201896467909674533456421937107950771275748
59534253570814604915286431076655177195193582592963412714654955822510936964824883494398736471815861733488433671054143776822015182969067908286937130229436185730306022300890502547381687724948178041356090574619353679811777490478843355261581747198211549099087663799610222126668030281449154668080074061424865356864
58167401907694570214979506599194778121182659914307261756666074091917735885723609697480837247612519262838103410526615383532515754176217633994448605517392916599682254785901269835754203257606729468990627081023315571215051625619438897370204470212124494674755834519214816319697734078843447848603226722299182434093
2325844895513979173743888679476822804406111761419306701312478092728603330122882904224962716031647209623397142576603204293123912830593078403960752027566827744251705235889682669267658092660476186723148044315139823867380301594409413974463708848589119793843388152537650768254987613959208049667465089673742297854
67498408047877989362806516876205052012240243309942876268446566361547655978796642877337712798029754760267419115413730631374802313056731307569834292501638514503192052358112424772959907779025808408203199244990896872197999852924769819940024095628616672348596606851889549152804391340714072256567356930020016193963
52089633362900517539165302129300375494172740422523621059592385495751924700675122155960755346934632668794824932618349520156944196684648305022268676457868070066453954172462520502340939078675403651618983719700614706349732829855036740734505742746206068986957724775559943976289277915118201925607986125825338090177
34684360986847502009320615315553141285805659457629106476385525464732282083203766759776126964162961490009039324465667809603003319026289672120511579359724979632680607896824609374426930121299417986401644098271693483169286947826603504615825940340337673748374769758480415092755524915456279950304633083971939005435
64988167260062913874601919482070271628124975690002934166800094296972444422197023388291980295110452330213205096144392239944467258287107884746589115127167282097956017028628037082507401119598901961952443349165553662222975580468442676155587042776802740915412362719529831862975208087784726595770716044297523166102
5240925702821506579783704420978006082477747031303746904239546176050592949728738323203950306129411871737876504229405034294501656543978611750994467947534044753695282308581749970692749095322254992625764015940158458845509040176039278937050918973902279914674338944051211577348333547254432967145731683089219228691
50844259618860007746771082051910047030103822130291018425697803473091116185602228641927165533706993900721181301684265643243336684128049649677836096610514623304482066415049020768137857148874279968984513506122748706677802584930409926790565715931354887963446795024026254549265333511784181014034884707880615676511
16464426417158974693842197444020511787861410774898545325005983740932968597290543631911649534337800693972175766107307350558611884448114163366936093325487394091332344826272536981541553413892367688933744376442528529750567842583161437339346110905057913801633750505744865055984781982086557127937512298457332572204
83638227314896582956750812517492704870554842623535941570464731423329936429941730227248424013372102420326576438323050278021209941389937088574112715730804951513039068613418333318104765476720571606324524521207226595221264804782179774144851380897604477314096002161090800376652361336005716452682494296914953851008
44384608529596681068569321912476407509134539538801348620323165325675156152633053861390090387978854861216237752964169202779448979553221971312359942576549821286480766545830226780520340091818467359539864968952525270289772279304649246988046093076384641030093087530637860974634079786863906166680957958833556606359
16598964585822775497547740778135239326605395274538682357208689266054053906488069900531358673058863034146172229836067474444554324255200312473475061116079240964026800830373465791289813398793076899071765837612708488744324223439294003916849650654707695213387353273274628385754313265978036666095358836083713968042
12116893985326077863671136144899979761869484109469523600262315009553809774717838715238427462177068465770019691785598823903011490435928938452639938662777509759328710088120507916929400593632112667218784671654399151546064726665041128570417410822445572495964775959338855767362192900936165498134261135181055644139
1716943001226988778629597848662176371841815560463459023409909026011929404744778317217057968354889176410132717752411338712622809321692862962484737241455775031773526008983095959162775502158615822315622907659303781714533985449728337862823355881417285734784787372788571073122131268051060615354881556111397420483
15461763739442963354927141917408278768173789284402026871144616246662172275404267726507836622248800496811201059898665262902095147644844235728481347116335338631556214478697678747820434682213343500734750210060967593672773421402500686156101928640110196090788805835434607319340137902882027544392434014753779271303
86522471620161428899509761603967260534775814308280279531152303442041358056250331860004536797780956445013849630145394195029064078013993412710288885881355855341074294340730422330670701506097885585043827837380685705559832365812582216621938238050281739047743985578339691235629368433787218091093677123537685555366
74632267160753535142497416064672461395666801924613107713685827262783562928611081694835388900235632806697465667528505945228185256503743626819429613235895951535149928906462243185014874162543325178793248254411568805195042324649173509481450500534101142181338659002061787895174008907663539683235797689269272937531
84654099985096421421856912488231547979647940065333203903531081573731565858553435427150694145118177983029386829242008286408583767067827844235408225933184671857761401761477261152648160888315133954713846548397991070285278426688748842976638703560262767093476992670784350993302320213358344757116861675036233891151
69549375484079795867464948046895669075855942373876141931232701349794849182686932408892800584106783884176021335611477539900334303984230219842476472056268281688659043796483496957122792553860964338847910622032042619636937798735634459861043001198440186605681905134062813290049717138987654381611625186744578856480
16574891123859227743274876299892654274302450249910827444493022041109118627142740779853059881354649485657214637883671661183412631558836648165379676841318872373407936402790309044670045664208046193893905132949584498261387008337164068506284771287613831475786633724096662613466186342247981420610386107360557597983
79073982928394363489572242577751315432505738686520484361029724338151156601610360181475665312528943023615404849241729447357583815259158866059700614086995633471628399003865759755117610487378667721654091879308480042726283030324045700130363625109927589525901940751816082229517158457047942428233174207443227872725
6225956781174216374394428822605546639374892176192702797022859550625276259994481337999019777995453794723291545164925139333032302356452773204915768716691159686561557463608161789491214196560816404113554391060924595909603036259833519186577121525316424884948342399314694688555260250615552037838845362616513580160
65852493207218734820718737816381685866829651082009890660795695282161320938275303444958376756330876514890640683988439216541631663544344525838699766421163541974404553450398726863224790030644749905540430649811688407708126110072960918523809210432053601491334405313821673587030329332271585110417332156584031018451
30422288267085462267443706338712678884354812136143630093479157880916826001919731984900275215371425515054114340378234085130458517571433153927895587287149033944111586631260097501390019685249730899233712307590178714856877875427611004689776361823235887105805960450376545126777037164411643362573103455448347628721
50557369421690068462341882297925646453077746624693922193771473898743507023191418224410227427000534492140065482550413284817501566588268212902177978601462874855236244835696100701247690155727321949266211047031154068316945388662312511912368821449615083391962731657947616986996577334721370880257327438432961275115
12277384938668267345272946604207433143265657111183743639281331479923946678939580350857138050948297412742005930353619618574799525919848880867526698065909191966613622825747756759327542369471991076836692897865167672572110365967445392639894076773945291844504635733230480771970567828099426247676076982976568476623
62444985182734168887318519675255999691446094072305987951841421778870927215239707438629321697287274108628753800563071162889296096704176915389043085540383709424606915846518154143939951591762660921731133905177632586099040393475155810451726701632203208077343531461891882748218632575400291230212701847499312253340
25533952050711935912710798519124562383221852620627891706301134634316077517702578249297463372189763803213391559205737693228079613552000558776229007473915026339032080262370945509301551984021931300311668517159314147368789517073285953870647363720606292901036059062000471776980003179496686281120461714050985054058
70338950959323971218757894575022330785736816840549983355886091936195862005127174597099858116229086538817422916229964254751086110892122832927796311737460987512432003436265607837297528469889904549779222775664571227587269746391110042634436423011948720521236189605730136535840714909246191786433659066480014925482
27429111389456711032365022469686129341193913840872487751831125317137488430729936684467270801007060377881027338248055869006645564034742161301989362704706864124551774072258382910651941234743194657607149697881433661903577078564731596676671493932545934849197568249495574745917210370495491302690899319164595998561
59887568417045475507072354455217062448641576804197737280425219365050602051364159044435782814618219650654267511929137179107508289312394341088795957407847914774985708144734955827348190138735233883346260437790402465834798061826846497387935023192156720144346639513281014898705699245183681085096390351866360637096
36015406060109041004390778450977934822150573961869611254407186032843504339202467695927272685230587935520281413263202215536076336879586794637818415486751411643537869870609126562310663215705330760348653524024968963140342211178371992392606355613777612624842381210208391170685497333341069825490941533442775527448
14099113040238778649323311010015538223255882684008259494208200014528496433538400719725476214348129219705405351370394540792350049550940390838372214327995051799646130566839924827463606833913963919890349452094930999079219603867022477689776091343836746062680872296532127001367807537702375561672808432229612144747
82069623310802555028979771110512860485574593352900290980253753695866484754561991699518192868255868070354133720243635810779081190931215706949426004791638710033562695344939584858210058980836498492742596661370476679776992185652324024337340127278297221868974251127323434376781823609569358048597338206050114382018
67772654441959193908477850624552559986808726721984943251175402547832744723936975827742623586882003017030151365063695832044078917058044540403355767039458921746168112257618013199820949187028663886167432068969001474657682960481390258599651595482396075063182729272103223040472108796463881690156412488022100800365
2085778440420392240148282935903870778998135001773546178960767742573628705541506317502676579738455895550185602744195512993860924827741041281614882790192653325683681068538194633915617391625844917737682726249409112423296031998594176102908182913309155876188084649670252110221559526712656637982068761533115893903
67150263340590407646199650396777527111280040756859091101980204029652901670107663854388476823884314466036784142121339008123788602731856537594706301835728187501689505702407924394398318619237019022626905324562160143052389176977267706560821126698470081440220613123059353140023920964009804157800284171034369825479
80310685459552037629670172016783579309921333590686542702514674818458235218116513540692167707806859983682422420035976020695986096264129854445874388165469369469937223414853643382930589595672482866095831178329699587800037950486054451104039807864588335853583694503238923186066997988304999004394008272181831957842
82413760476611110174973186863381932307012176343524470723406428165461631661858049514465257938315475361201443402397530964111672794789423020169135309766565883905978295292960915488509949802571346469805299982031842079453189912379946845421698818991349131528652729153504930365312778273884384662271822632557015357883
91780700396592689290482326076073830055891089130792739294816724570369638455846886824898668295013748527023430628045219808662299670105916891265535380918126183079419856576441851608918562075404025870386995261254235786554036717404287034420896051105278838701009515070972341813806048372819806867147913093421316366130
26058370877097384905618257493547967067956514437425655524514775144460424519111614951718407506278066647010790399049687652215787764269562640320698209854801014625204397332608168858580591897758292521982345259394884372547804109054635656538308766916096708383686551978428398971870546196553952906261182873297612115507
93267623699083585835195827739840016173629497120656941829095331284541560107682520080049924446055702969327281787316724313494080653479625540509857123241974913755339187920831262778203227707062361082435236840859741595654509149384414080361262285593573684807928703317737515870555913142118611283974333968951141630803
82615199129615733166494579739105763421985589379264528413639372329375720099844429411786066990084296120597198003840302082741741597030887295761060243740082036547675138261966928913389075404046142159074732193333228237136079215781832696452255249122728460275088092504431062420857590809933975883548369889076257136342
30838283355203357638106103756891517044658969936967734758167252668100207903404909194705806018204768106587854176057706077840617131709307111496433629056950865375183565584924513581482331611964964897503819635642510370132075398605227914323775017256345522055852097088740567110789791894551648149152734569409407426152
7599920504156119339520853413856425340933667694511298373419884556610572063234637113432563244524814606846184085748690929887261503831814340690071036855266439496112528502202218296096942833432052323381535286056652803107293813376217645382798892266783154973750863443785154169532483450935209647584721396449242883771
62750980103980483362062169801914918238963458440111321944614440660593457699029059138732811049599792414665545418354566589559788811854854681136538732437671897850729173477552113996353853186706861643873969008686104900521862286605559517361824552263908922252812048976637784571343722780481429436117387755016017114075
8192817906166858103001072411462205776722812398686800660671473868908192327102817725404480307051365935149039539344202494734375755154553327411972693200277327758227423227550016729571336723324456913338947028288945169424229135438354331916585585554736052836574611902905075166132004116718006112633108274254832891332
91886765689337537074251322475458905882751807072643629433857655892962876462712214788493164399421615849965815674439182464566124762505170676718831319578668176119715149485913472674425145071522226236066530183769452921066305560503022352612588853217166655970018220993917104720503818609724198294917693123677138252069
61450371700920912460154685150742540459967218762047391791142331608173074987882270280360460651628150360498522486819051195390202086825869781368093190086872999836269069651685901771107553467807895386678979066805213006195228065903306823951606487641577996284203800022145762396959899610042248026628719096360106695786
6832645289609260010338901652986594959054902229093194507511465838465719743470683762851313500952636416317502733791061172211035623259227573826023589509983273233428450131159517312293044845647723481472221179671006318410805870644273865975686715106163991044002582552133938868924765721852762623716807793410390303318
83662562933928234902612233268999659660212254467552077618103674419866751315983667682324194457591319497903421922651864705836232849478898091396430925017348021777462730105600663937792098231659753373485042888642710510117281008103237764921079807656165819715407513921813802413222793182256146404453213385124074932719
37042713510563652597084755567911394210357816380853887349744834620399372608392474513543571802172144427862329490876112646250617896221624268936346685337195808935638891413717669518090853379595219587419063040557101694926342530955036235363778030851129723678733076306938293521631109304252274994273777735873575462493
72361697273635445719057414713434204572087911612629965930261761996282359488735663616916025473314490250946935736580345358936013557722045071914349485591943863834501985717788011723851125342570569971432991862188870237176721975526020691983229623063776816476725609467724440384785469977522581842658969342372655206226
15128469755142446537957841902307490182555957210503684491753206794040755912768891365235310676775863834560646777319274542024788779429417470085399910942897887748294231592567054563037933017267132427936703055441958630111813434493425898268124739454180522158012146426327966833549639269654397866196336323073221558401
82449858223395434421084373753023597282432032140757706053075400233059393846797559695190321110057926015975700926139505470486639231914511497814819905688401990118217597294892310881462478413807460841152175587960764142744104198347535243958371067829938069218904437653875327040029931042785120099853912524510994780361
13787114927888017187453720547382458890379517051881617703014981008867939386865892710158209143316567482250430398928818095653051964825743708596215095658045611191882685536597623252772902266258533540865694953219009983280654054671833303842108075513485372367707437197705998932844122111877161906038004145760323158567
46042255479068409624007876394327904756575750908095735913659092675933405984608421866587092096200999785379431036064030800354545792140498084718894024951930304019684065622049698757719982844816586872751549933284140011463226502432993425582680413032032010285545973892335989539525273415453766076170831545594246814459
83204991024195950630374663940898569804614275400733840371324031017662193487943067228783726877686207854837820898281493257761621003135511505930872145989929000773998902318164497084760820961436425758396879155865069749833875142489350281099665684406465603423361659623140737131812053784720375446151067430387237303178
36348309092577843245171827196283252325113355403349903640537133542250457703532315487793052765063338425949429270174710651274511124390547735535256413246690563127834552751646362813520841758092269923467844484520343572081297932538887391513029777068199259129029292720214724758243486506330773054361951665934452628177
68166923207632375310132309235506182075477613071366800435082358241337237758093738774832182259940920495347982888826797679315117691342151360166423427413097060636767411014096191767626511529572533164893670235534315767140817844294700381911942460359959071446769111009273856973177175459847389099850644684754166006015
38428592640915451683961556307072777055109980442765874660696486418235014095964292156972469822562679369026506590642886186016713700106553007849157003538368386479443503970400578227688298320222837944669202935124175442162731748660211231037859204931136077117175242808349070585824018617209561591048874881997524820851
74671077821362824547505368699237706968948883307803802239683896712856640801679960696049962170582914634390987947255870089984579005388862495839827269090666401183135501597871635671996262468674514931831504594420105589793361295027552986808178768818086284127317138300764979000382889568987373752447861510125916479483
54302021945359237053422998158041321556639628917420945067605318208548798399354810632362646160651525961062600552389418053074195237380332025934385673741921450193298498142963466354152788612048842954475786595792277755003427597501444190203342297307813107577427476313825951422155537291481704487823021353356758342452
41535082957767226271090612621640414247869400636876374312777163445074164281647340166701497578722019038874867644801765313944051045669327795385875911000799367417715511374496188759243609690366763090985914599580639265135983224962602613683083600759578205213409487293082761155227915590073501354660453265995310248124
87511223376557166009036991260620060911392202155435385896139982019210240870649409947724687751026339768846682398925174675126814925453710518675170062929354615832322193183247283798008330103503645180714478441736752749404207161279250201128665019320507172842735938979511265041909562502841473045606807365736373995412
43647415035268932160683356036882235164535144753187052793367417186537630646833807520318863865011380115914478690874053349241651354895478770992895723358432910234148620080269604368355404920768514828576107822858060016952473151699679628387648500859379971304920002116023253269546115519442276644578822094514562799768
54227739765940468512188772995418023685560130102630921210227332405793871459919414305336033380480233216375826478893240940897107937212895046418931855369944843013686783274181314866435236291757854275748147118293034947484882597338848814352368543245430525450504361890662843783818603875815324734157287295030517649155
4205549836880040899111975847014184430025688296042339922901165721541543226955830393163466169243409707522440683599046851727747042736730601220603503261603745467486449721967263542056936646387230801409339859958335089062566975861598381262631001474628134271989699598342768087039787411889374389096658282334509385671
66039835762504739083320334726112060938297196147198584789922403606697491902821036030801683147972810241961155726518944111959860041494144421288886990155725713854407919846595054540607004490189968057200920044667383200482643300597183949818634645756811388603547465600983722416449582528125493684954097063058228165794
29493161241241559112293732827177429339671410938647938187212335529592088832763374525658092920343977484598535070750107535912510811677835938756619074185124654706357716626810656308823411404430927930365633703158098820435852542273279788381880241802824714294032969597200137003167445030775497133389721737500945915382
17072649108532271091195901824406442527755545870775080093732194982956390606006525597524822783436624783055140589845256946399414617225010462754734342564093526841579195501957121838235174694417000345368617678553043568596513848446392083019402272029816454108598643790273816474737520261740887211610320865657003305632
3441009287265483619896149795845612428395158283633197541733600230633622918977387541047390032224655735914788716777886279970205641550042462986845784141102049689805074137451130381790013744088753726868966860062083306904420656673682205249633664803593964313686448729241691945739836138061430789771567919372261045702
37053765496608518003747897229520836299455145912456128701906680102362328395245355379544937746108806876580963680313908123280317272135104880717241338348028360768984798826395625750837175160991886515447967134028123993951334379159861479836112006175549467666956068111482127844949451943435159133761938196684727966470
74009660328119704001984770130583036614145306997942402811176961152107363344756851204262825023531062804315515767677714196820031777639721296231230155045759901033100870540667952945363751691187466084995823699149719872646804203187441988236464123167695678274765384374695129488688459979174222681458943730472357090311
24477409168648246602876060464418164282928311837966473800348715568690405807920585003654544796543791020462922831252348246306100342111606583775962951789691015957937483703461641286483709038965519860811830990148013862606846035144397175597452530109592881134300364925784305593019371486568409914531196125748136298578
23416658710507397687586593721635354432829678640390493031851833630919817163626171319705903469654887968856644961817872561468370415045506534998631963919980478272925135508877274237311208240156453726035829832620504141413298948483956819670525270683978282350294098801740100117116396877313020198388870146824144192642
7584713715890288284915228391679283947612847313036816448806310796859587999723794680493885392090043964621875631657815520130632627536368312710687474626933588744437977086682002033550989298266142849982229450822641734117596376768552042406943449030672257853189303112801298837312840325713539154694382486843848357804
38405173137038561623056322134186316490761944542756047057204083905627882407578981779333190275310858436646736694737178935568791350311254895091056147304412417132443452119198220332145210108929584652779276697128358197980818553958498486265111104008378671248247778573265736944315775230853962838520439080889075699241
61669824836885169251095349472421932897814072277053148503711171545719064339900785268833933967995533084786269475952316798076580747093414978640471108672709006090091510763162213378486749106176336117637125747136691090501996784125376385220994437350274214797692344044839581347499621879976347667970597426889678814814
86600485000440219498138140385214334615978946465364379404014616188725932797679565978541343489253856867211945295208003314723767616591049706820369286611446980893228332660537099366102731048268942199848637767836146879719621958103314976826956163656521358937103710270159144329951340767808552102364110050805385080161
34204708446932437531347402953644527898002316353780688903371460436040086676982293756546011023926873745928824334026587431081828755190782464455904322374910936100328184368381089451692197500944678043838263277642201709039316701957181505334628861055751902995355028626313492644830407411525879540178937658573897527078
91135514958021200509793533401199115155015676952680691005953180629511731536380616618344471005583137836104643931738138069065433082620949415737157136136697456723644206488271983838898511459428785889937725606448780975609822325368860440261149175548593132446877027845943992999915618711197569681139402385136376168220
32892002828937597911539381784717629984255382002635437965028767894867596449132817708320882464881300338635205381659364340091683647942655650023994464031062486472980916277617799686676659474535116560471477751231736842269042854732373421967062234728222455013819590256882015361210947463381457108479422540049547884182
16406644012209149190603035975547644447363293870854742893036563396963460118659918253769212642257469150448895850412624254378064571274388546219679124315775197961842812025573636689524718688859615467852245615412173670640305304503817133751534740940347793030946468076336303339477939275175535322182525093797143699877
84061215005276229835655744739936535071522755610244383037722365932921425006980374632055448583487677404607442216197413970684536387558607099729494584639803088388225052602312094802785990655860640727787343626453528999196173112986142566085932876134031580666525901949919660387548061909314360648901936932798833223333
88275562726160556476708092776874718758719921429950947100910525101573173733921549678234673542406293034205331896766759375967949613831185455773778694980079999416051000185743680802132864596053437753211589188892086841587281739350235279573594166007210622247138734388398148947543437987561621985309465318453371778161
70756041637526855604463716463657657505247541939499730211041142701592749519602074522796978125704026809523150005778675787387095778773777669604325465292056653741249568364814149050424223088786317797587406709747595419291389514719501616427444043899772589798124567409375842777924999040353086788321198470673156797644
40206263845340134356060142939160645436278783660009370731376791337361350708508526497034320215743688182042173033765398902183886875667438469840260168365062525072415845819446752918355229756309049822316212181805079440134574338685376243521295908312895385300128823933758936515640024488480359669018259032379278222221
45873676721508861815501296759557616536405949744975830090955172378699188400379712406617874436085318647612591132280073015899791609961838208882219692405218756894291206609696034055922007727087024200750973357334680876419973101427877619870764614857410885435931839624716395408297440546920038059390126171668636498699
54241472548862851542274460494370688992564555492294910712350273059487929322310057170910768739454774697500250067333770347860672719920802406612367770298270193880638092834298870592719230159744779613853757488532516810856287342521690669837925072775390092634717589966197529200708283328122684358913614810095429596484
20613833251203475319015033297241331608653496945756320761381131648462463042453741779840318978211084588993387930581130081581704471075646920856718714753314508224199824944397739458570228212004945746168379721575447620558877660994039361751559212356439514955764301685690425222756542326763242728059202522029529747815
71557808847783735825895516453528922310207913282745922894117267887640204765605119007368125400889903806935682960511551593929458803204570503038040593584715519424009573190689836464513989004977848648578832002075110019540928480217355747393685153234799744658394867076925542315619418605235663305869795184555570324611
86292423134548204483557972495022608005592509507757141169426750438657154652419357633083262290592703483029988068986808507163588747258370658795625439043574813011283042018636935489584528895300443353945151103638870041201549736018786307795318594654579951649213329232330077131748522201681870132330562655147611534268
79446378377172520732405151287336807127511695448539537675552045622006274806890584169249126005297264330291503474434569614153386745564715954271856275724308775683011442877014009864706230644350360727828572945388626007117225736763188234576842176952543149879566089222120318190855700801473416947282216620411033226479
87410917008992867316106504877264773551284425889031983627752213005417759603677011816993586852060864825177736349582443510021119431810260827469682621226796381563105567547139095165994788238477263806990129564440265738265486955073914327402634310012743787996101039320138870292821708334003445604859705357644342457185
82546946769606221693901065706291371293262137707559130712167470483061898222370757987817122572822705908315493810332721524049263871204424929562915351549010201937369256140035344222074948354631959583367822654656056844632162514982776135048481941288673448178431826603878419520883431463246931512501741025870411530363
26282703960303312333183875337339693194815776366065645960132781159159636460107626616934031527976491049541444023214305166754521116831139217524785903548763426111778944632844538804517924824162757185673198867616583476722939516034159229660695462128745229710137504515381112300708297065717108294431401183705019893413
54206706759754090521516313798950309661409358601701072317109718904947225547435266989774853791184046271593563086657213457145577166980606894361093977081605290216885828202715623387732831925713901006027703377732789474223549756781993768642631082457034749182806795519998136558630505767069225364955648147202748382384
74261591524764181369637510052941389435304150738676593522926231499937387011289961215840816188225149964785178915059845979184158848440797097805041739782093926129109499601460330244199890369942412583516125747852715813176645678927436653466314083702003935064698471900303540002183024548501391338194223474301056387600
64748722690018241454168974357677987289689308607507803035441089148301245652614920030677316101464807758916243607468032413755521144777736978610009972420237127593248337998859519358342067340117831715720926996614975429951282440636098220169279155671468928039308507143678267931010350617375425304306915387951016582770
